LOG DE RESULTADOS POR FRAME
============================================================
Frame | Sim. Cosseno | Posição X | Posição Y | Área Relativa
------------------------------------------------------------
0002  | 0.9856       | 0.5130    | 0.4653    | 0.1372
0003  | 0.9589       | 0.5139    | 0.4634    | 0.1358
0004  | 0.8942       | 0.5165    | 0.4609    | 0.1302
0005  | 0.8414       | 0.5174    | 0.4551    | 0.1280
0006  | 0.6897       | 0.5156    | 0.4487    | 0.1250
0007  | 0.5604       | 0.5148    | 0.4399    | 0.1213
0008  | 0.4600       | 0.5156    | 0.4312    | 0.1158
0009  | 0.2388       | 0.5148    | 0.4272    | 0.1114
0010  | 0.2043       | 0.5139    | 0.4219    | 0.1035
0011  | 0.1707       | 0.5148    | 0.4180    | 0.0991
0012  | 0.1674       | 0.5139    | 0.4121    | 0.0942
0013  | 0.1435       | 0.5148    | 0.4102    | 0.0907
0014  | 0.1096       | 0.5165    | 0.4087    | 0.0858
0015  | 0.1105       | 0.5174    | 0.4062    | 0.0813
0016  | 0.0987       | 0.5174    | 0.4043    | 0.0769
0017  | 0.0927       | 0.5191    | 0.4043    | 0.0740
0018  | 0.0418       | 0.5191    | 0.4043    | 0.0719
0019  | -0.0066       | 0.5200    | 0.4043    | 0.0695
0020  | -0.0209       | 0.5200    | 0.4053    | 0.0687
0021  | -0.0391       | 0.5208    | 0.4058    | 0.0667
0022  | -0.0835       | 0.5208    | 0.4062    | 0.0643
0023  | -0.0651       | 0.5208    | 0.4067    | 0.0625
0024  | -0.0616       | 0.5217    | 0.4077    | 0.0615
0025  | -0.0552       | 0.5217    | 0.4077    | 0.0608
0026  | -0.0559       | 0.5217    | 0.4077    | 0.0601
0027  | -0.0592       | 0.5226    | 0.4077    | 0.0598
0028  | -0.0515       | 0.5226    | 0.4082    | 0.0596
0029  | -0.0468       | 0.5226    | 0.4077    | 0.0592
0030  | -0.0468       | 0.5226    | 0.4082    | 0.0596
0031  | -0.0553       | 0.5226    | 0.4087    | 0.0606
0032  | -0.0446       | 0.5226    | 0.4102    | 0.0610
0033  | -0.0484       | 0.5226    | 0.4102    | 0.0610
0034  | -0.0446       | 0.5234    | 0.4106    | 0.0616
0035  | -0.0376       | 0.5226    | 0.4121    | 0.0629
0036  | -0.0394       | 0.5234    | 0.4131    | 0.0646
0037  | -0.0184       | 0.5243    | 0.4160    | 0.0664
0038  | -0.0119       | 0.5243    | 0.4189    | 0.0692
0039  | 0.0173       | 0.5252    | 0.4194    | 0.0712
0040  | 0.0397       | 0.5243    | 0.4219    | 0.0748
0041  | 0.0904       | 0.5234    | 0.4258    | 0.0794
0042  | 0.1050       | 0.5226    | 0.4297    | 0.0849
0043  | 0.1221       | 0.5217    | 0.4326    | 0.0890
0044  | 0.1738       | 0.5217    | 0.4375    | 0.0928
0045  | 0.2491       | 0.5217    | 0.4438    | 0.0985
0046  | 0.3562       | 0.5208    | 0.4478    | 0.1012
0047  | 0.5814       | 0.5200    | 0.4536    | 0.1102
0048  | 0.5986       | 0.5191    | 0.4609    | 0.1127
0049  | 0.6194       | 0.5200    | 0.4658    | 0.1122
0050  | 0.5995       | 0.5191    | 0.4741    | 0.1153
0051  | 0.6201       | 0.5182    | 0.4785    | 0.1144
0052  | 0.7205       | 0.5174    | 0.4810    | 0.1202
0053  | 0.7200       | 0.5174    | 0.4863    | 0.1157
0054  | 0.7175       | 0.5174    | 0.4912    | 0.1165
0055  | 0.7711       | 0.5165    | 0.4946    | 0.1215
0056  | 0.8126       | 0.5156    | 0.4971    | 0.1206
0057  | 0.7615       | 0.5139    | 0.5015    | 0.1179
0058  | 0.7899       | 0.5139    | 0.5034    | 0.1187
0059  | 0.8421       | 0.5156    | 0.5024    | 0.1194
0060  | 0.8331       | 0.5165    | 0.5044    | 0.1182
0061  | 0.8249       | 0.5156    | 0.5063    | 0.1169
0062  | 0.8305       | 0.5165    | 0.5103    | 0.1182
0063  | 0.8353       | 0.5165    | 0.5151    | 0.1189
0064  | 0.8578       | 0.5165    | 0.5190    | 0.1215
0065  | 0.8484       | 0.5174    | 0.5264    | 0.1198
0066  | 0.8430       | 0.5174    | 0.5371    | 0.1191
0067  | 0.7931       | 0.5174    | 0.5439    | 0.1193
0068  | 0.7695       | 0.5182    | 0.5566    | 0.1134
0069  | 0.6999       | 0.5191    | 0.5640    | 0.1133
0070  | 0.6703       | 0.5200    | 0.5737    | 0.1107
0071  | 0.6493       | 0.5191    | 0.5825    | 0.1104
0072  | 0.6722       | 0.5182    | 0.5913    | 0.1094
0073  | 0.6309       | 0.5191    | 0.6011    | 0.1058
0074  | 0.6266       | 0.5182    | 0.6084    | 0.1059
0075  | 0.5715       | 0.5191    | 0.6167    | 0.1059
0076  | 0.4503       | 0.5200    | 0.6294    | 0.0976
0077  | 0.3907       | 0.5191    | 0.6357    | 0.0968
0078  | 0.3520       | 0.5226    | 0.6445    | 0.0952
0079  | 0.3627       | 0.5226    | 0.6548    | 0.0981
0080  | 0.3140       | 0.5226    | 0.6636    | 0.0948
0081  | 0.3036       | 0.5234    | 0.6680    | 0.0924
0082  | 0.2348       | 0.5234    | 0.6719    | 0.0851
0083  | 0.2422       | 0.5226    | 0.6689    | 0.0854
0084  | 0.2384       | 0.5208    | 0.6768    | 0.0837
0085  | 0.1876       | 0.5200    | 0.6826    | 0.0816
0086  | 0.1616       | 0.5182    | 0.6855    | 0.0798
0087  | 0.1965       | 0.5200    | 0.7002    | 0.0914
0088  | 0.2320       | 0.5191    | 0.6978    | 0.0947
0089  | 0.1747       | 0.5208    | 0.7070    | 0.0918
0090  | 0.1452       | 0.5208    | 0.7153    | 0.0889
0091  | 0.1275       | 0.5208    | 0.7095    | 0.0805
0092  | 0.1603       | 0.5191    | 0.7188    | 0.0868
0093  | 0.1230       | 0.5165    | 0.7217    | 0.0896
0094  | 0.1292       | 0.5165    | 0.7222    | 0.0900
0095  | 0.1360       | 0.5156    | 0.7178    | 0.0875
0096  | 0.1315       | 0.5122    | 0.7202    | 0.0920
0097  | 0.1203       | 0.5095    | 0.7119    | 0.0901
0098  | 0.1404       | 0.5095    | 0.7119    | 0.0920
0099  | 0.1695       | 0.5061    | 0.7104    | 0.0950
0100  | 0.1847       | 0.5061    | 0.7095    | 0.0984
0101  | 0.1794       | 0.5035    | 0.7046    | 0.0956
0102  | 0.1837       | 0.5035    | 0.6958    | 0.1005
0103  | 0.2524       | 0.5035    | 0.6855    | 0.1018
0104  | 0.3093       | 0.5061    | 0.6899    | 0.1117
0105  | 0.3593       | 0.5043    | 0.6714    | 0.1151
0106  | 0.4193       | 0.5035    | 0.6489    | 0.1138
0107  | 0.5856       | 0.5026    | 0.6348    | 0.1195
0108  | 0.6379       | 0.5009    | 0.6162    | 0.1244
0109  | 0.6512       | 0.5009    | 0.6021    | 0.1273
0110  | 0.6872       | 0.5017    | 0.5889    | 0.1332
0111  | 0.7362       | 0.5000    | 0.5747    | 0.1317
0112  | 0.7660       | 0.5017    | 0.5635    | 0.1318
0113  | 0.7865       | 0.5035    | 0.5537    | 0.1326
0114  | 0.8116       | 0.5052    | 0.5454    | 0.1311
0115  | 0.8387       | 0.5069    | 0.5376    | 0.1316
0116  | 0.8455       | 0.5069    | 0.5327    | 0.1289
0117  | 0.8494       | 0.5069    | 0.5303    | 0.1277
0118  | 0.8419       | 0.5095    | 0.5254    | 0.1264
0119  | 0.8530       | 0.5095    | 0.5254    | 0.1245
0120  | 0.8526       | 0.5087    | 0.5249    | 0.1236
0121  | 0.8371       | 0.5087    | 0.5244    | 0.1222
0122  | 0.8463       | 0.5095    | 0.5244    | 0.1219
0123  | 0.8506       | 0.5104    | 0.5244    | 0.1206
0124  | 0.8516       | 0.5139    | 0.5254    | 0.1206
0125  | 0.8208       | 0.5148    | 0.5259    | 0.1197
0126  | 0.7058       | 0.5156    | 0.5288    | 0.1202
0127  | 0.6139       | 0.5217    | 0.5293    | 0.1204
0128  | 0.4800       | 0.5312    | 0.5288    | 0.1194
0129  | 0.4269       | 0.5425    | 0.5288    | 0.1163
0130  | 0.2561       | 0.5564    | 0.5254    | 0.1137
0131  | 0.1845       | 0.5660    | 0.5215    | 0.1112
0132  | 0.1875       | 0.5799    | 0.5176    | 0.1077
0133  | 0.1731       | 0.6042    | 0.5181    | 0.1051
0134  | 0.1979       | 0.6189    | 0.5166    | 0.1050
0135  | 0.1985       | 0.6285    | 0.5127    | 0.1089
0136  | 0.1641       | 0.6389    | 0.5132    | 0.1058
0137  | 0.1527       | 0.6458    | 0.5132    | 0.1058
0138  | 0.1471       | 0.6528    | 0.5166    | 0.1040
0139  | 0.1303       | 0.6562    | 0.5161    | 0.1039
0140  | 0.1323       | 0.6589    | 0.5171    | 0.1034
0141  | 0.1505       | 0.6632    | 0.5186    | 0.1033
0142  | 0.1259       | 0.6675    | 0.5234    | 0.1037
0143  | 0.1132       | 0.6710    | 0.5269    | 0.1020
0144  | 0.1191       | 0.6736    | 0.5283    | 0.1025
0145  | 0.1072       | 0.6745    | 0.5312    | 0.1013
0146  | 0.1206       | 0.6771    | 0.5317    | 0.1012
0147  | 0.1181       | 0.6797    | 0.5332    | 0.0994
0148  | 0.1465       | 0.6823    | 0.5327    | 0.1000
0149  | 0.1400       | 0.6814    | 0.5352    | 0.1001
0150  | 0.1508       | 0.6814    | 0.5352    | 0.1001
0151  | 0.1484       | 0.6806    | 0.5352    | 0.0996
0152  | 0.1547       | 0.6797    | 0.5352    | 0.1008
0153  | 0.1599       | 0.6788    | 0.5352    | 0.1013
0154  | 0.1477       | 0.6771    | 0.5361    | 0.1006
0155  | 0.1450       | 0.6771    | 0.5366    | 0.1009
0156  | 0.1342       | 0.6762    | 0.5371    | 0.1011
0157  | 0.1179       | 0.6753    | 0.5376    | 0.1012
0158  | 0.1022       | 0.6710    | 0.5391    | 0.1006
0159  | 0.0835       | 0.6693    | 0.5391    | 0.1006
0160  | 0.0985       | 0.6658    | 0.5391    | 0.1006
0161  | 0.0765       | 0.6623    | 0.5400    | 0.1009
0162  | 0.0733       | 0.6615    | 0.5420    | 0.1006
0163  | 0.0793       | 0.6589    | 0.5410    | 0.1018
0164  | 0.0892       | 0.6562    | 0.5415    | 0.1020
0165  | 0.0850       | 0.6519    | 0.5410    | 0.1028
0166  | 0.0887       | 0.6458    | 0.5415    | 0.1039
0167  | 0.1049       | 0.6354    | 0.5420    | 0.1042
0168  | 0.1592       | 0.6207    | 0.5420    | 0.1072
0169  | 0.1731       | 0.6016    | 0.5396    | 0.1085
0170  | 0.1668       | 0.5755    | 0.5420    | 0.1074
0171  | 0.2287       | 0.5590    | 0.5415    | 0.1100
0172  | 0.3712       | 0.5382    | 0.5430    | 0.1157
0173  | 0.4597       | 0.5200    | 0.5420    | 0.1196
0174  | 0.5600       | 0.5095    | 0.5420    | 0.1149
0175  | 0.6509       | 0.4957    | 0.5405    | 0.1186
0176  | 0.7240       | 0.4878    | 0.5400    | 0.1177
0177  | 0.7732       | 0.4818    | 0.5400    | 0.1164
0178  | 0.8069       | 0.4766    | 0.5400    | 0.1157
0179  | 0.7910       | 0.4722    | 0.5400    | 0.1152
0180  | 0.7689       | 0.4679    | 0.5405    | 0.1153
0181  | 0.7442       | 0.4661    | 0.5410    | 0.1149
0182  | 0.7504       | 0.4644    | 0.5415    | 0.1146
0183  | 0.7527       | 0.4635    | 0.5415    | 0.1181
0184  | 0.7557       | 0.4635    | 0.5420    | 0.1177
0185  | 0.7641       | 0.4635    | 0.5430    | 0.1177
0186  | 0.7687       | 0.4661    | 0.5439    | 0.1175
0187  | 0.7757       | 0.4679    | 0.5449    | 0.1175
0188  | 0.7805       | 0.4688    | 0.5454    | 0.1166
0189  | 0.7845       | 0.4705    | 0.5459    | 0.1170
0190  | 0.7698       | 0.4722    | 0.5464    | 0.1166
0191  | 0.7643       | 0.4722    | 0.5474    | 0.1166
0192  | 0.7598       | 0.4722    | 0.5479    | 0.1170
0193  | 0.7615       | 0.4705    | 0.5483    | 0.1166
0194  | 0.6865       | 0.4679    | 0.5493    | 0.1153
0195  | 0.6439       | 0.4618    | 0.5498    | 0.1155
0196  | 0.5069       | 0.4531    | 0.5508    | 0.1157
0197  | 0.3398       | 0.4418    | 0.5527    | 0.1142
0198  | 0.2751       | 0.4288    | 0.5488    | 0.1177
0199  | 0.1811       | 0.4141    | 0.5513    | 0.1153
0200  | 0.2198       | 0.3967    | 0.5469    | 0.1137
0201  | 0.1469       | 0.3776    | 0.5542    | 0.1061
0202  | 0.1508       | 0.3585    | 0.5459    | 0.1158
0203  | 0.1471       | 0.3420    | 0.5464    | 0.1124
0204  | 0.1418       | 0.3273    | 0.5474    | 0.1107
0205  | 0.1143       | 0.3160    | 0.5459    | 0.1106
0206  | 0.0747       | 0.3064    | 0.5459    | 0.1086
0207  | 0.0548       | 0.2951    | 0.5469    | 0.1044
0208  | 0.0585       | 0.2891    | 0.5459    | 0.1046
0209  | 0.0518       | 0.2821    | 0.5464    | 0.1025
0210  | 0.0664       | 0.2769    | 0.5464    | 0.1015
0211  | 0.0600       | 0.2726    | 0.5479    | 0.0983
0212  | 0.0750       | 0.2717    | 0.5488    | 0.0972
0213  | 0.0730       | 0.2691    | 0.5518    | 0.0949
0214  | 0.0663       | 0.2682    | 0.5518    | 0.0945
0215  | 0.0621       | 0.2691    | 0.5518    | 0.0940
0216  | 0.0702       | 0.2691    | 0.5522    | 0.0937
0217  | 0.0547       | 0.2691    | 0.5522    | 0.0937
0218  | 0.0649       | 0.2700    | 0.5527    | 0.0929
0219  | 0.0738       | 0.2708    | 0.5532    | 0.0930
0220  | 0.0603       | 0.2743    | 0.5542    | 0.0905
0221  | 0.0626       | 0.2752    | 0.5542    | 0.0900
0222  | 0.0565       | 0.2734    | 0.5532    | 0.0921
0223  | 0.0710       | 0.2743    | 0.5532    | 0.0926
0224  | 0.0635       | 0.2760    | 0.5532    | 0.0926
0225  | 0.0768       | 0.2795    | 0.5542    | 0.0914
0226  | 0.0695       | 0.2804    | 0.5542    | 0.0918
0227  | 0.0810       | 0.2821    | 0.5547    | 0.0931
0228  | 0.0843       | 0.2839    | 0.5547    | 0.0931
0229  | 0.0866       | 0.2847    | 0.5542    | 0.0939
0230  | 0.0797       | 0.2873    | 0.5542    | 0.0944
0231  | 0.0760       | 0.2891    | 0.5508    | 0.1001
0232  | 0.0616       | 0.2925    | 0.5513    | 0.1014
0233  | 0.0590       | 0.2969    | 0.5518    | 0.1023
0234  | 0.0656       | 0.3073    | 0.5513    | 0.1066
0235  | 0.1045       | 0.3186    | 0.5508    | 0.1089
0236  | 0.1461       | 0.3290    | 0.5513    | 0.1107
0237  | 0.1694       | 0.3455    | 0.5503    | 0.1127
0238  | 0.1700       | 0.3628    | 0.5493    | 0.1167
0239  | 0.1907       | 0.3819    | 0.5518    | 0.1153
0240  | 0.1788       | 0.3950    | 0.5557    | 0.1114
0241  | 0.2054       | 0.4106    | 0.5552    | 0.1192
0242  | 0.2177       | 0.4227    | 0.5537    | 0.1211
0243  | 0.2887       | 0.4306    | 0.5527    | 0.1214
0244  | 0.3513       | 0.4384    | 0.5547    | 0.1175
0245  | 0.3711       | 0.4488    | 0.5552    | 0.1184
0246  | 0.5254       | 0.4540    | 0.5557    | 0.1180
0247  | 0.6452       | 0.4557    | 0.5537    | 0.1235
0248  | 0.6728       | 0.4592    | 0.5552    | 0.1239
0249  | 0.6735       | 0.4635    | 0.5586    | 0.1191
0250  | 0.7110       | 0.4653    | 0.5586    | 0.1191
0251  | 0.6988       | 0.4661    | 0.5596    | 0.1196
0252  | 0.7363       | 0.4661    | 0.5596    | 0.1196
0253  | 0.7428       | 0.4670    | 0.5596    | 0.1191
0254  | 0.7653       | 0.4670    | 0.5596    | 0.1191
0255  | 0.7843       | 0.4679    | 0.5591    | 0.1200
0256  | 0.7802       | 0.4688    | 0.5586    | 0.1191
0257  | 0.7855       | 0.4679    | 0.5601    | 0.1189
0258  | 0.7880       | 0.4679    | 0.5596    | 0.1185
0259  | 0.7941       | 0.4679    | 0.5601    | 0.1189
0260  | 0.7964       | 0.4670    | 0.5605    | 0.1188
0261  | 0.7935       | 0.4653    | 0.5620    | 0.1184
0262  | 0.7973       | 0.4635    | 0.5630    | 0.1184
